100
0 3
2 9
4 6
6 8
8 5
10 4
12 1
14 6
16 8
18 1
20 4
22 7
24 6
26 3
28 2
30 5
32 7
34 8
36 1
38 5
40 8
42 4
44 5
46 1
48 5
50 10
52 10
54 2
56 6
58 3
60 8
62 2
64 3
66 2
68 8
70 10
72 4
74 10
76 3
78 9
80 4
82 1
84 4
86 7
88 9
90 1
92 7
94 3
96 10
98 2
100 4
102 4
104 2
106 6
108 2
110 10
112 9
114 4
116 6
118 8
120 2
122 2
124 7
126 2
128 2
130 6
132 4
134 5
136 3
138 9
140 10
142 4
144 1
146 5
148 5
150 1
152 8
154 7
156 6
158 4
160 5
162 5
164 6
166 1
168 1
170 7
172 4
174 7
176 2
178 4
180 9
182 1
184 1
186 3
188 1
190 7
192 4
194 10
196 10
198 3
1